# YOLOv5 Hyperparameter Evolution Results
# Best generation: 6
# Last generation: 7
#    metrics/precision,       metrics/recall,      metrics/mAP_0.5, metrics/mAP_0.5:0.95,         val/box_loss,         val/obj_loss,         val/cls_loss
#              0.98669,              0.99842,                0.995,              0.63914,             0.030998,            0.0078797,           0.00080125

lr0: 0.01
lrf: 0.01
momentum: 0.937
weight_decay: 0.0005
warmup_epochs: 3.0
warmup_momentum: 0.8
warmup_bias_lr: 0.1
box: 0.05
cls: 0.5
cls_pw: 1.0
obj: 1.0
obj_pw: 1.0
iou_t: 0.2
anchor_t: 4.0
fl_gamma: 0.0
hsv_h: 0.0
hsv_s: 0.0
hsv_v: 0.02906
degrees: 0.0
translate: 0.087016
scale: 0.044683
shear: 0.0
perspective: 0.001
flipud: 0.098005
fliplr: 0.09837
mosaic: 0.0
mixup: 0.0
copy_paste: 0.91332
anchors: 3.0
