# YOLOv5 Hyperparameter Evolution Results
# Best generation: 177
# Last generation: 249
#    metrics/precision,       metrics/recall,      metrics/mAP_0.5, metrics/mAP_0.5:0.95,         val/box_loss,         val/obj_loss,         val/cls_loss
#              0.94251,              0.97959,                0.995,              0.67546,             0.034209,            0.0099735,           0.00075378

lr0: 0.035595
lrf: 0.087253
momentum: 0.92395
weight_decay: 0.0005
warmup_epochs: 3.0
warmup_momentum: 0.8
warmup_bias_lr: 0.1
box: 0.05
cls: 0.5
cls_pw: 1.0
obj: 1.0
obj_pw: 1.0
iou_t: 0.2
anchor_t: 4.0
fl_gamma: 0.0
hsv_h: 0.023203
hsv_s: 0.05205
hsv_v: 0.0
degrees: 0.16788
translate: 0.031687
scale: 0.033109
shear: 0.015339
perspective: 0.0
flipud: 0.027621
fliplr: 0.078276
mosaic: 0.0
mixup: 0.19304
copy_paste: 0.027662
anchors: 3.0
