# YOLOv5 Hyperparameter Evolution Results
# Best generation: 284
# Last generation: 499
#    metrics/precision,       metrics/recall,      metrics/mAP_0.5, metrics/mAP_0.5:0.95,         val/box_loss,         val/obj_loss,         val/cls_loss
#              0.99285,              0.97273,              0.99069,              0.63398,             0.030529,            0.0071907,           0.00027084

lr0: 0.034039
lrf: 0.011114
momentum: 0.84583
weight_decay: 0.0005
warmup_epochs: 3.0
warmup_momentum: 0.8
warmup_bias_lr: 0.1
box: 0.05
cls: 0.5
cls_pw: 1.0
obj: 1.0
obj_pw: 1.0
iou_t: 0.2
anchor_t: 4.0
fl_gamma: 0.0
hsv_h: 0.0
hsv_s: 0.50148
hsv_v: 0.1478
degrees: 2.7309
translate: 0.15478
scale: 0.36156
shear: 2.0427
perspective: 0.00010325
flipud: 0.0
fliplr: 0.21058
mosaic: 0.3015
mixup: 0.091671
copy_paste: 0.2051
anchors: 3.0
