# YOLOv5 Hyperparameter Evolution Results
# Best generation: 61
# Last generation: 82
#    metrics/precision,       metrics/recall,      metrics/mAP_0.5, metrics/mAP_0.5:0.95,         val/box_loss,         val/obj_loss,         val/cls_loss
#              0.91999,              0.92857,              0.95503,              0.67255,              0.04083,             0.010327,           0.00039971

lr0: 0.01
lrf: 0.01
momentum: 0.937
weight_decay: 0.0005
warmup_epochs: 3.0
warmup_momentum: 0.8
warmup_bias_lr: 0.1
box: 0.05
cls: 0.5
cls_pw: 1.0
obj: 1.0
obj_pw: 1.0
iou_t: 0.2
anchor_t: 4.0
fl_gamma: 0.0
hsv_h: 0.093131
hsv_s: 0.0
hsv_v: 0.046751
degrees: 0.077188
translate: 0.019372
scale: 0.0
shear: 0.068648
perspective: 0.001
flipud: 0.0
fliplr: 0.5
mosaic: 1.0
mixup: 0.0
copy_paste: 0.02886
anchors: 3.0
