# YOLOv5 Hyperparameter Evolution Results
# Best generation: 47
# Last generation: 124
#    metrics/precision,       metrics/recall,      metrics/mAP_0.5, metrics/mAP_0.5:0.95,         val/box_loss,         val/obj_loss,         val/cls_loss
#              0.99186,              0.99266,                0.995,              0.68198,             0.029808,            0.0084286,           0.00055237

lr0: 0.010546
lrf: 0.01
momentum: 0.95571
weight_decay: 0.0005
warmup_epochs: 3.0
warmup_momentum: 0.8
warmup_bias_lr: 0.1
box: 0.05
cls: 0.5
cls_pw: 1.0
obj: 1.0
obj_pw: 1.0
iou_t: 0.2
anchor_t: 4.0
fl_gamma: 0.0
hsv_h: 0.0
hsv_s: 0.72566
hsv_v: 0.4
degrees: 0.0
translate: 0.16913
scale: 0.095168
shear: 0.095542
perspective: 0.0
flipud: 0.056656
fliplr: 0.077664
mosaic: 0.0
mixup: 0.0
copy_paste: 0.0
anchors: 3.0
